5.000000000000000000e-01 5.000000000000000000e-01
5.000000000000000000e-01 1.466666666666666785e+00
5.000000000000000000e-01 2.433333333333333570e+00
5.000000000000000000e-01 3.399999999999999911e+00
5.000000000000000000e-01 4.366666666666667140e+00
5.000000000000000000e-01 5.333333333333333037e+00
1.466666666666666785e+00 5.000000000000000000e-01
1.466666666666666785e+00 1.466666666666666785e+00
1.466666666666666785e+00 2.433333333333333570e+00
1.466666666666666785e+00 3.399999999999999911e+00
1.466666666666666785e+00 4.366666666666667140e+00
1.466666666666666785e+00 5.333333333333333037e+00
2.433333333333333570e+00 5.000000000000000000e-01
2.433333333333333570e+00 1.466666666666666785e+00
2.433333333333333570e+00 2.433333333333333570e+00
2.433333333333333570e+00 3.399999999999999911e+00
2.433333333333333570e+00 4.366666666666667140e+00
2.433333333333333570e+00 5.333333333333333037e+00
3.399999999999999911e+00 5.000000000000000000e-01
3.399999999999999911e+00 1.466666666666666785e+00
3.399999999999999911e+00 2.433333333333333570e+00
3.399999999999999911e+00 3.399999999999999911e+00
3.399999999999999911e+00 4.366666666666667140e+00
3.399999999999999911e+00 5.333333333333333037e+00
4.366666666666667140e+00 5.000000000000000000e-01
4.366666666666667140e+00 1.466666666666666785e+00
4.366666666666667140e+00 2.433333333333333570e+00
4.366666666666667140e+00 3.399999999999999911e+00
4.366666666666667140e+00 4.366666666666667140e+00
4.366666666666667140e+00 5.333333333333333037e+00
5.333333333333333037e+00 5.000000000000000000e-01
5.333333333333333037e+00 1.466666666666666785e+00
5.333333333333333037e+00 2.433333333333333570e+00
5.333333333333333037e+00 3.399999999999999911e+00
5.333333333333333037e+00 4.366666666666667140e+00
5.333333333333333037e+00 5.333333333333333037e+00
5.000000000000000000e-01 5.000000000000000000e-01
5.000000000000000000e-01 1.466666666666666785e+00
5.000000000000000000e-01 2.433333333333333570e+00
5.000000000000000000e-01 3.399999999999999911e+00
5.000000000000000000e-01 4.366666666666667140e+00
5.000000000000000000e-01 5.333333333333333037e+00
1.466666666666666785e+00 5.000000000000000000e-01
1.466666666666666785e+00 1.466666666666666785e+00
1.466666666666666785e+00 2.433333333333333570e+00
1.466666666666666785e+00 3.399999999999999911e+00
1.466666666666666785e+00 4.366666666666667140e+00
1.466666666666666785e+00 5.333333333333333037e+00
2.433333333333333570e+00 5.000000000000000000e-01
2.433333333333333570e+00 1.466666666666666785e+00
2.433333333333333570e+00 2.433333333333333570e+00
2.433333333333333570e+00 3.399999999999999911e+00
2.433333333333333570e+00 4.366666666666667140e+00
2.433333333333333570e+00 5.333333333333333037e+00
3.399999999999999911e+00 5.000000000000000000e-01
3.399999999999999911e+00 1.466666666666666785e+00
3.399999999999999911e+00 2.433333333333333570e+00
3.399999999999999911e+00 3.399999999999999911e+00
3.399999999999999911e+00 4.366666666666667140e+00
3.399999999999999911e+00 5.333333333333333037e+00
4.366666666666667140e+00 5.000000000000000000e-01
4.366666666666667140e+00 1.466666666666666785e+00
4.366666666666667140e+00 2.433333333333333570e+00
4.366666666666667140e+00 3.399999999999999911e+00
4.366666666666667140e+00 4.366666666666667140e+00
4.366666666666667140e+00 5.333333333333333037e+00
5.333333333333333037e+00 5.000000000000000000e-01
5.333333333333333037e+00 1.466666666666666785e+00
5.333333333333333037e+00 2.433333333333333570e+00
5.333333333333333037e+00 3.399999999999999911e+00
5.333333333333333037e+00 4.366666666666667140e+00
5.333333333333333037e+00 5.333333333333333037e+00
