-4.027168567658682141e-01 -1.718650611391020711e+00
-4.435478014073763742e-01 -1.270427847431427892e-01
4.133804901367532647e-01 1.125040480080556904e+00
-4.855371677332738223e-01 -7.272030920023625500e-03
1.395478838308824354e+00 1.867754229738123994e+00
-6.854619507255788058e-01 -5.766147073434111370e-01
-3.747014522329236152e-01 -1.968913282947650556e+00
5.978434657907016891e-01 5.657128526909188659e-01
-6.172597206808272396e-01 8.954271395022271873e-01
-2.653113832076551826e-01 1.732391044820112080e+00
6.294830372488767756e-01 -1.098373767634653664e+00
-1.655528874566818631e+00 -3.283219025525304646e-01
4.527176100219418853e-01 -1.525693806389817331e+00
1.411219269470204374e+00 1.038307742005682099e+00
-1.094651029482604399e+00 1.313723407014762090e+00
5.786660663343685673e-01 1.516662173929471003e+00
7.307948143575455635e-01 -1.811822854067800970e+00
4.229405330359965465e-01 4.894805427853246571e-01
-9.354058887958669466e-01 5.562279926287259091e-01
-9.085853270179723440e-01 1.357909084566014002e+00
2.369611705125683976e+00 1.291961416785869066e+00
-4.827885468336347019e-01 8.941165215812961753e-01
2.477314726019935742e-01 -5.441990313874386365e-01
-4.469822163986649777e-01 -4.095307734676462141e-01
-5.680460182279282177e-01 2.040766085925279361e-01
-7.806269381577062294e-01 -6.687657971301612658e-01
1.461955215770168459e-01 -2.056864158282007971e+00
3.445954910776710678e-01 -9.428162220305105201e-01
-4.792899865174340412e-01 -8.479353390301749283e-01
-1.265576257994885490e+00 -1.681135098697299268e+00
1.646924960216480383e+00 -1.562134098085531608e+00
1.469835099424955605e+00 2.180988337912531938e-01
-4.680146948915101524e-01 9.330432436894168235e-01
-1.155988056801994013e+00 8.921875356215641650e-01
7.010477916928421482e-01 8.868217953920086716e-01
-4.244599798133409652e-02 9.714362088496543424e-02
-4.027168567658682141e-01 -1.718650611391020711e+00
-4.435478014073763742e-01 -1.270427847431427892e-01
4.133804901367532647e-01 1.125040480080556904e+00
-4.855371677332738223e-01 -7.272030920023625500e-03
1.395478838308824354e+00 1.867754229738123994e+00
-6.854619507255788058e-01 -5.766147073434111370e-01
-3.747014522329236152e-01 -1.968913282947650556e+00
5.978434657907016891e-01 5.657128526909188659e-01
-6.172597206808272396e-01 8.954271395022271873e-01
-2.653113832076551826e-01 1.732391044820112080e+00
6.294830372488767756e-01 -1.098373767634653664e+00
-1.655528874566818631e+00 -3.283219025525304646e-01
4.527176100219418853e-01 -1.525693806389817331e+00
1.411219269470204374e+00 1.038307742005682099e+00
-1.094651029482604399e+00 1.313723407014762090e+00
5.786660663343685673e-01 1.516662173929471003e+00
7.307948143575455635e-01 -1.811822854067800970e+00
4.229405330359965465e-01 4.894805427853246571e-01
-9.354058887958669466e-01 5.562279926287259091e-01
-9.085853270179723440e-01 1.357909084566014002e+00
2.369611705125683976e+00 1.291961416785869066e+00
-4.827885468336347019e-01 8.941165215812961753e-01
2.477314726019935742e-01 -5.441990313874386365e-01
-4.469822163986649777e-01 -4.095307734676462141e-01
-5.680460182279282177e-01 2.040766085925279361e-01
-7.806269381577062294e-01 -6.687657971301612658e-01
1.461955215770168459e-01 -2.056864158282007971e+00
3.445954910776710678e-01 -9.428162220305105201e-01
-4.792899865174340412e-01 -8.479353390301749283e-01
-1.265576257994885490e+00 -1.681135098697299268e+00
1.646924960216480383e+00 -1.562134098085531608e+00
1.469835099424955605e+00 2.180988337912531938e-01
-4.680146948915101524e-01 9.330432436894168235e-01
-1.155988056801994013e+00 8.921875356215641650e-01
7.010477916928421482e-01 8.868217953920086716e-01
-4.244599798133409652e-02 9.714362088496543424e-02
